start=397.764033
pause=no
volume=100.000000
